
















































34 
14 27 34 37 39 
0 4 9 14 23 26 27 35 36 37 38 39 41 45 
3 4 9 10 13 17 21 22 23 29 31 35 36 38 40 41 42 43 44 45 
1 2 3 5 6 8 10 11 12 13 15 16 17 19 20 21 22 24 28 29 30 31 33 40 43 44 
5 7 8 11 12 15 18 19 20 25 30 32 
7 25 
109 112 135 142 163 171 190 192 194 
102 109 110 112 114 118 120 127 135 136 142 145 149 152 157 159 163 168 171 180 182 192 194 195 199 
102 107 110 114 120 124 125 127 136 145 149 152 154 157 159 167 168 178 180 181 182 183 195 199 
107 115 121 124 125 128 141 154 156 165 172 178 181 183 
115 128 141 153 156 165 172 
144 153 249 275 297 
144 200 218 221 222 223 240 249 257 265 275 279 280 293 294 297 
201 205 206 218 219 221 222 223 226 228 235 239 240 241 245 257 265 269 273 278 280 283 286 293 
201 202 206 219 226 228 235 239 241 245 269 273 278 286 289 
202 
386 
311 340 343 380 386 390 
311 313 317 340 368 380 390 
306 313 336 
306 336 

































































































































