







































34 
34 
27 
14 27 37 39 
14 39 76 80 
0 26 62 63 76 80 
0 26 48 62 63 70 
9 41 48 70 75 
4 9 36 38 41 49 67 93 96 
4 23 35 38 45 49 59 67 93 95 96 
21 23 35 42 45 58 59 84 95 
3 17 21 31 42 47 51 58 64 66 71 84 89 
10 13 17 31 40 43 44 46 50 64 66 71 73 78 85 89 99 
10 13 22 29 40 43 44 46 50 65 73 77 78 85 87 92 99 
1 2 6 15 16 22 24 28 33 53 55 65 72 77 81 87 92 
1 2 6 8 15 16 24 28 53 55 56 68 72 79 81 98 
5 8 30 56 68 79 97 98 190 
5 11 12 20 74 83 94 109 112 142 192 194 
11 12 18 19 32 52 54 57 69 74 82 83 86 94 109 112 135 142 192 194 
18 32 52 54 57 61 82 86 91 135 
7 25 61 88 90 91 
7 25 90 
60 
60 








































































































































