
















































34 
14 27 34 37 39 
0 4 9 14 23 26 27 35 36 37 38 39 41 45 
3 4 9 10 13 17 21 22 23 29 31 35 36 38 40 41 42 43 44 45 46 
1 2 3 5 6 8 10 11 12 13 15 16 17 19 20 21 22 24 28 29 30 31 33 40 43 44 46 
5 7 8 11 12 15 18 19 20 25 30 32 
7 25 
109 112 118 135 142 163 171 190 192 194 
102 109 110 112 114 118 120 125 127 135 136 142 145 149 152 157 159 163 167 168 171 180 182 192 194 195 199 
102 107 110 114 115 120 121 124 125 127 128 136 145 149 154 157 159 165 167 168 172 178 180 181 182 183 195 199 
107 115 121 124 128 130 137 138 141 144 153 156 165 172 178 181 
130 137 138 144 
200 218 221 222 240 249 275 279 280 293 294 297 
200 201 205 206 218 219 221 222 223 226 228 235 239 240 241 245 249 257 265 269 273 275 278 279 280 283 286 289 293 294 297 
201 202 205 206 219 226 228 234 235 239 241 245 247 253 257 259 262 269 270 273 274 277 278 281 283 286 289 
231 236 247 250 252 253 259 262 268 277 281 295 
231 236 237 250 252 268 295 340 343 386 
237 301 306 311 313 317 336 340 343 368 380 386 390 
301 302 304 306 309 310 313 317 320 333 336 344 361 363 365 368 370 374 377 384 388 390 393 
304 309 310 320 321 323 325 327 333 337 344 345 346 349 350 351 367 369 370 372 374 376 377 381 384 387 388 393 
321 323 325 327 337 345 346 349 350 351 367 371 372 381 387 398 
359 379 398 419 
359 412 419 422 423 424 455 478 480 499 
409 412 413 416 422 423 424 431 433 442 443 445 449 455 458 460 463 467 468 473 478 480 482 499 
408 410 413 416 426 433 434 436 438 441 442 443 445 449 453 457 458 460 463 468 473 476 482 488 493 498 
408 410 426 432 436 438 453 457 474 476 477 488 498 
432 474 477 
526 529 584 594 
512 520 521 526 529 530 559 562 570 572 575 584 585 590 592 594 598 599 
500 501 504 505 506 507 512 520 521 530 535 550 559 566 570 572 573 578 579 581 585 588 593 598 599 
500 501 504 550 573 578 579 581 588 593 


642 651 
640 641 642 651 661 669 686 
640 641 661 669 673 686 
697 
697 

















































































































